2990851336
3110364612
2299411727
3702323163
3821304056
3997934503
3062792095
2849387126
1379214738
4079285964
2953696207
1372965694
330980427
2603508971
1026240543
594270399
2099029765
3144510851
2463137431
1231956923
4219718816
1368747462
354573402
1268655061
3829794664
495595545
1587917732
872109901
3003002289
2917589908
1274934569
4035327552
2875743876
1713193205
1100395478
3890618484
2956998473
2547006039
3363187906
3711895305
2943298627
432169502
3675628846
2126841776
1409672664
1964309894
1674437663
2940248073
1697996354
4136025984
2956537514
566519948
1846934342
517101324
2440717986
968068918
3953643068
661416511
4144927375
3523677552
3646887077
99933613
980137711
3728746505
2289717858
1910387581
266433667
3481313473
4042695858
945017618
2980125533
2393039037
1757840400
1847464293
3928958283
2925150342
2050890753
3835173534
962868720
3492384684
2883245878
1242031928
2237362630
3050955318
377150179
161068552
192521238
1147653388
1468980855
2093353280
437963731
1288132144
2149813293
1970137835
1168649204
4041721300
476231678
3598842049
854882998
27085419
1352674165
2667283122
1689723202
3788606071
2066670483
3333531067
19747010
2065605845
1078485328
1370492035
3530747939
199866378
3573213266
2161917366
3336826453
527609400
3922818071
186758589
2648419638
1050946928
814551475
3898263590
3064167389
3522952946
3271327474
2650660530
1956049574
3681717379
3348323327
2195125847
1821379495
3182183036
3334280762
2592461057
4479253
3262449635
3548065218
947705061
954532896
1163453054
1463318018
2660610815
760037571
178900560
1122602092
1090062042
1537231493
2421025960
2358161952
1940931539
894768306
4144242641
4267879621
1917315520
3043901444
3614733091
808279679
3309662633
1150426951
1364828126
380321621
2869884976
1377904117
1944079709
3550829181
3641542992
3494736616
3324397837
3362154597
3438137940
267501245
4254323839
3501022268
4156358874
1520551829
3267795289
2705777929
954565648
3076971333
1503222358
1393158392
2001238592
1845064602
3686136603
257020723
3298698718
1818841292
4062062734
2237683142
2764111706
3902217887
1297791886
3125845672
2809668387
1297759678
3765290468
800446702
157946778
4149115144
1372745023
3932550501
1732862688
4294796690
3747108391
836119546
763764948
2683969491
3992896402
3384356507
1170924048
927319348
988676063
1918470670
932574338
1081840714
3611871113
3306147280
722872186
439058301
1925813872
2678182718
141180264
547797680
3133745881
2346383831
2223166402
2951415285
824584008
2387859240
2557087013
4123551801
2810325794
29579289
1907481315
993416094
217188693
3263874625
2035941806
3021607695
3199861339
2722250154
3108469
2709679426
2597496152
2887501583
2989162893
1023307685
2641576804
1428910516
37663423
1600867612
422817460
1690531841
1477660279
2266322800
2312433848
3156431118
2728616990
3199906683
2613911129
301734939
3330504674
3045288546
1888171144
1773899826
3617814206
4150923365
1396439442
1867234096
1695757991
3440119601
2785260946
276580347
1923842180
4073910264
533972544
135423887
325854065
3444342761
1524365966
642739315
648506480
2122517001
1276956006
2054398091
3045342530
1530693874
2900236087
904849647
2599359989
1935902301
3380852194
1989426055
1577364697
440146975
2057584437
4250071976
3211132838
3226300905
3241529452
326395892
1291652698
750236630
2932172250
1485101625
1180519134
4007412439
2683827732
1808553520
3608962511
239228801
3371063317
3729096970
3544051947
2643447937
3007266859
562057605
2660689120
2271700454
3753805435
3688721271
8379485
4196180783
67463807
1829017257
3748554725
3655755958
1106657691
617619067
416041357
1649762687
2022524728
526142151
2865754585
1660245467
655907722
2058684483
2177922457
3917383779
4134424549
175801126
4266442121
3338137556
3626489518
3352333881
3449226336
3547800388
2019884589
658007086
3804112347
1398707390
3792628529
2874192713
3442945356
3460811466
45007378
2406067078
3642158576
3055152752
3223928846
1299132460
1120339521
2641458245
1202670788
3087118387
4218358405
1062205907
2026214881
3380628579
1483115085
2553951084
3629171049
1339505935
1205853102
3138501137
113075291
2667282132
290784228
961014132
3142748073
1041239139
1613709252
51300640
517241460
1960197471
2466494707
2144207168
4227837043
570480405
2887448944
4158167448
2316024626
1788263799
788040926
3517519198
850950862
1449093566
842583462
1424484365
524583842
3582539106
1232064044
1058037747
1211673347
1830205047
70094136
1279809697
4251533958
2069311375
1578642263
3041058187
3529117064
3097753887
3797648968
3610385805
1125182616
1872702998
1559244908
1881607845
3671753880
1026068640
3648685316
4285093158
783884358
1561894711
3711099789
2371717928
3035908949
2088187195
3376633067
123043574
736189945
4281522285
2201895532
2642845187
3567046336
774447832
3749433796
226145740
2389076455
4104910622
4288388928
2690051593
4022012860
1102147860
3541368817
37673231
2004886522
2927525700
2551085618
3378269416
3533484736
1947211064
1274643595
1813036984
2515968853
2865636090
118850833
2986819059
303917631
431310056
2488764649
587863988
113609230
2626636098
4070387648
3092144746
370497096
4059335381
3281450849
1497967121
2801286677
4190431547
2017469074
4192534807
3883251877
2680610171
266518869
2640889575
2880450462
1361163782
951694246
3250512508
3142061771
2330973654
1039225511
4163229807
2473686790
2200480847
394614690
410341540
765073386
733612646
96838275
750907149
3760142512
202572811
2142820771
2345741306
2882629402
3225918507
1456099649
1623885633
266007024
4212509937
3024211628
1400550651
3331306786
1270546707
2768823635
669162497
1004133010
2946067169
707416864
3206095473
376282777
4157563546
4205320095
3229716740
1758608832
571658347
2189138245
2069992046
1391124061
1012520770
3200913563
3978267920
1646976213
1703036634
125675896
2372149192
3688920248
1654816486
853181498
791836399
4239968285
2103074895
3487172921
1870812810
2840793674
2592830147
2042282947
1643305596
657138600
2027570703
561722406
3960062003
3583612033
3472017558
618343962
822779116
3611986219
160119246
803923472
1494497128
406178480
2740748457
2785794867
429209646
3474343298
1976751584
2921612997
1458637257
1778637690
4001993795
275871392
440491473
3639278007
2093077335
3452643995
1205669727
1411913991
1263280833
3555885537
4162486417
4182648897
1980921650
2530064443
3249774421
1944799613
3414468196
3419636474
2225385027
838640037
3994144878
1705427226
2757060842
395558684
3012856514
2311431100
4098560203
2892902934
2581671557
1875491261
3312762982
4171936351
3817004164
1840317425
1754007833
4261561332
1888186025
1657062178
2068529697
406201612
828898696
881517380
2962995495
1120741857
2104197437
2054377084
820209617
2435252240
342585423
3637835674
3262946277
3909938675
191582902
3349445664
2318475079
836980313
4192056500
1812099286
1264954302
2419946147
1193010912
935546325
95800157
1081989291
1459476413
3254493440
4249011692
2738534558
3044413926
3670259308
716929294
2151127758
2260456880
1139816435
417908983
2701125141
1596022396
1026075007
377894302
1728919401
1050475138
1563752884
3555567991
894833696
1634238552
2772839852
1274372748
3562412106
1867285937
3777867919
1049829523
1157164835
1447823733
1289632639
3171374900
3241860406
3929055856
1126067239
2168020750
2464730936
498995363
4125472632
3387841143
1418086138
4126537430
2738368590
218190745
2683804502
4032073130
538967575
4198268250
3418738076
3517488075
2229550540
1095161810
2264157456
2703207441
2849007643
3768427649
2762421728
2532013601
1515061361
4177426101
532747384
3242311687
3813540747
226000763
2505200544
1263462193
2401297169
2470051406
3959472596
3539913557
3277852745
4141284954
940278596
671896580
1593703659
70118234
2745286241
1171183825
421677906
2969092342
3282412520
1302267751
888938374
2588016493
2080741258
1550830269
3417279327
999548355
16041839
1274990827
3465017796
3945602625
3413623622
1128727922
686567208
1415989854
2203285003
160141648
268134692
346484293
2810740196
2631042875
970715706
3647679286
1772998197
3100677115
1874048628
106817411
2318005424
2018337377
1499233255
3778897164
2410718197
2603612594
3984028422
307685356
4205779711
2950227290
1403761341
3073465039
2271906856
933491985
2300831441
4176458723
3155444419
3489140150
3661830370
3861149909
3002470310
866931792
766283816
1367814490
3165731903
1652509435
1197981838
2278265308
991161155
3691017237
1746342776
1445436326
3861907844
3469796475
3491467891
3464589957
3850957252
3433110625
185310798
4205863359
2458140549
207335522
1443877753
1246028801
3023197039
2705602202
1929013295
2411243602
2673041995
936133364
3597007224
2472843113
606400713
2413048219
3997733996
156485253
3437736
1552567283
2229218066
4003364039
3423508040
2811407811
3659206162
2452856047
2101807890
730144653
139414924
3929677902
1943978399
3140129968
4153173125
3505628663
4036243661
1879223494
3464623461
34017906
4022460861
1679768135
3844725616
3291583531
91097073
1279489873
2444951618
1497870882
3742514035
3369298331
3459437423
923520229
3225649837
2219729953
238263007
3850513349
807610450
3528651595
2472894857
117306460
1822193727
2262218299
1612674930
1493836665
590839004
318720203
2573058122
3448110773
1026870239
1470681910
1980735545
1844975834
2334370879
1622385961
3009773353
1681946483
926730470
3533949537
3551269184
2523275465
320292868
2956747982
3243551147
3979545295
374279325
56300127
1917313202
3952863234
3346831846
308759094
1260999454
2403890647
2393341441
2274852611
411499710
3055667599
1630754438
4090602041
1621965887
316892641
646862688
3625002218
555729176
426705077
3488891959
2176168210
2367585266
534512525
1880910847
4001043910
337074456
3569296967
2991466828
1060351145
1474047278
1818758221
2661788439
739101076
3611680429
2972198742
4232667892
3162941253
3219037978
108400386
2199354227
392640874
3539080383
2321043371
3022979024
1401815790
2237163563
1256833262
2831418450
2350359251
745382064
3569313617
1161957555
1828480314
4006694259
468664313
541359916
3544774761
2031627686
1347506881
1593424732
2439040778
3797613059
2199949810
4156359102
2056294617
543560929
1071471082
4279544499
2745543502
1330221714
655214444
3348007588
2387068173
3692944146
2177410386
94922262
4206995367
3041092242
49087313
505368787
2150124977
1318966198
172530420
3751154435
4249773612
3500252914
1524258592
202539605
1858657954
1617561566
257676484
1769919925
1722584505
688251765
1738139592
779471167
3915861641
4045866705
3126136597
1926342577
180627065
3431985188
4191082268
4120789506
130944730
1685737276
1582466865
2792263980
532627035
1057837940
2497220059
1465025633
2622772969
1371166196
1991354389
691790894
2311084271
3922811478
2209389936
3431405029
2031704424
113186223
1557898602
4235171432
1514486286
926037066
62593618
872291390
2321683119
4234278080
3841496631
4246080883
3615992773
1433353446
860752596
27498314
2169587694
2117207845
1846156506
2082887743
2056644487
3056133169
2498896760
1064259580
118365788
3373837107
1540565873
2511542304
2789894381
544670159
95304754
1135331398
4260854327
156003330
563075975
3799596807
3805815675
3482400908
45080680
696684229
3621668635
541759272
542973
2751589654
2762597697
3815755240
904793968
961939747
1017006026
4010872820
2096229821
3739310330
175388413
2881365371
3231909506
935146087
179252890
1016996514
49752298
454536528
358518609
3389595998
1940557094
1077708138
1883956783
2866167907
3430869520
2278901308
2476962850
3637625436
3127258685
2424538278
2662076609
1879284428
2509466820
1700975279
1872917810
2867619481
2705060271
4192665122
717163510
2474384167
939956261
3431062854
4237430436
2239138540
3791855094
785823513
1746378485
1304152740
3782924199
1069963381
1613470022
1777534573
950441089
2376305702
2388464457
3018536121
2249519201
1974663557
2010818208
1094448672
2945202629
1410065994
343410292
95306313
1982140559
3872589884
1490301137
28024231
3094100393
4022999901
3905057534
2986087287
825309244
3710884452
1938942853
3376743334
2579862800
1642875902
608137326
1705111782
3077913488
3197871331
920167729
2526929187
3332464131
4219634246
2758846810
1216130620
4130557968
185876703
3427527469
3931594237
1315847823
2027111985
1088169651
3752875509
1218225896
3357591060
517316604
1001715309
2594715685
3128190184
3079145816
3011348839
4210802647
3383560417
3342099440
2577197373
3812139373
1330670901
1630487781
3027063593
727576239
3932888457
2386130984
2463053885
3102016634
1041164428
142377952
1260646
119949435
2189055750
3064864331
3459066385
3358439601
845014922
1191410585
65646166
3152398970
1269964458
2820180474
4181146427
3400929280
2786489458
3338577527
703562048
3128952223
3683489893
694658265
4055088480
4179542151
1629326104
4166583389
1762267718
3266776736
2513888508
1979979419
4258592764
3465695619
4184171773
2801392712
2578752451
1178382914
183270518
1800743953
3870638752
2765052323
2798170369
3665872016
3118891962
3963964014
1723648676
2524971655
1764499664
170607782
987834470
1936199291
1885128160
1787626922
1965486223
784627400
1636662554
1786101517
2978399622
3938849086
2455282220
1852645694
3266249441
2610637924
2606753862
943699462
1447520719
4105386923
2598370491
2081739081
3893772852
1784243881
2699499684
2776091848
590488215
1857400805
3854451519
3003569432
1111911091
535313218
3907378426
2886408040
2686911509
3572421625
1810187887
2543011210
2503598096
862454305
1279357244
3976792982
1624323613
3111212649
3506391991
2309646402
104750492
1981667224
868205910
1085717205
3859064367
1211353418
3444546541
3320375258
3708795317
4126031033
3888648030
510881670
1178547396
3363207919
1503550936
2626515107
3527992484
2739995885
262432835
501221777
4238866018
1985871904
99449176
1913014203
1774396668
511725755
919609916
2304974397
1639323349
3722518203
2278754781
50546842
3969486532
104230712
1410814969
2009959090
2860093586
1706453397
692627509
1506717218
2294011872
2124306184
519600208
4291279294
659513537
2827216034
3794260175
2004594928
3563378699
3773324250
1842241922
2764905169
3001674682
2191270148
2374465595
2162213438
2055622795
2384697907
3774891351
327743238
3682855437
1694265519
3392750768
1761690004
4178458107
2660151959
1776491684
767333629
3313613323
1958513159
2285706896
427747766
756069028
3494472831
2793646343
1963364715
592308154
2075534949
1454849717
576261323
3058332846
526944162
3974238139
2984533499
3596775723
3287228035
1625752287
508606237
3171566014
1275104140
497824752
127310492
4255566804
427875891
2333405653
4025848119
1043345736
1200120123
4024124449
4035576198
3347270055
4214882416
575217469
2785892927
1578868509
2927828220
123107259
405218260
852545684
3675688258
2835687255
3264967428
3135020188
2819904277
1352388648
783351448
895954195
770728275
1948368729
2504900718
3211046827
3252426354
3497228937
1711283228
4233805868
2413176893
2909555754
1557685345
503149349
561074935
3572760793
3572702361
2855700612
1781498534
2861876133
3249693488
3534818379
1519406506
426314550
3986334820
141060437
4097011857
2093178168
568948529
2528995622
1250523900
71734732
3192177359
1687884636
2194055935
3581117769
2413743864
2701525527
3903007907
2707849291
59462366
1350617644
3194305067
3998952588
320178713
2165732693
2285856944
486075804
8286082
1931473336
1791916738
2769751861
723908887
1516273376
3728517616
1934636290
1565985939
4105282922
1211198902
2887938929
102950228
4111701077
87462302
1569800202
27636199
4124320775
2868257785
2377216076
3713306065
2412708926
2033733829
421088000
3817255748
2717301657
2491493051
1394407579
3123702124
1741229171
3290311220
2663508332
297886387
2937522613
1786758813
3996385590
2479305951
2931733408
3089362580
102143497
552570924
1292859269
1578721577
117344989
1418325067
2115474188
1238574402
3369003198
1039747711
329879554
309843479
3413400080
851211977
1184641015
360279400
1062497650
1916930998
3984992359
3581275273
2570583025
754583559
892965095
1322044192
397393245
960087975
168027072
4281741137
423722719
156042312
1676789354
1917953901
916030779
1583492064
959548632
1196098435
2781969138
3557219127
1579298840
3985950540
3199217890
1090171373
2984520219
1240630686
2805346065
3525342740
1169413096
2787176916
952533832
352361348
3451031062
4197908401
583731721
664963002
702691002
1748091302
1207601821
26065390
3545780237
319532474
3807855257
2274575910
1953060415
2366771830
1554646679
3018353787
4119330343
1811774955
2568076261
2394639905
1073764086
2413506237
1735006575
3098053731
173875468
3375409682
846346824
2409253637
4241896925
3566820965
2121897245
4234005790
2964360491
1098616077
4049289340
4018706151
1354731301
3872925671
3467745122
1585101085
191586784
3850359898
2514232334
1826784300
2206429704
211096107
2477446131
3073266383
4116314043
4171227716
538637923
2801947384
1615495827
705357693
2046099465
2435109073
3652841185
551739610
116303638
126787615
517884992
2746207123
4114419230
2453421937
3259694735
35333983
1518106605
2722264336
20692361
3260745485
1134737782
911909275
1345690028
609926523
3154552695
1100215818
2720300564
2403131153
660778874
1768651583
3788111999
593186203
1388593814
2928902470
675986269
771778832
4112659988
3323162422
1768616431
1469845449
4005636992
590861614
2113073070
4294130440
2984646462
4088522882
3005142178
3516604453
1115345165
181027945
2803102358
1420317703
3376107737
2433002200
1784238091
59731194
1750849441
1098679274
3005204178
2259471459
1519951516
1244929686
3624501374
2015515248
2351300500
2568763875
788188479
1824459563
3477795791
729717319
1750399428
1772869719
3525378911
1862479484
1549018370
4124235838
29605223
3022299540
1005876922
2368869139
2966373501
3812950774
1877336081
1061843749
2479743359
3376932412
2008768895
3023874737
89986101
1346694228
2795454871
1171587442
21873821
403311210
228581873
97130671
1015119588
4104898435
3643025780
143482822
3751567365
3126117198
2530055327
296901653
3317982144
2778962957
1499782272
3622530491
4221056441
1871457451
1786630964
2062803086
1631344133
3655605116
3106753267
1037221164
3565683109
323108751
3189034198
3803472386
3201104959
2917532040
2324172488
2753962836
4201916554
694930889
1109830339
3530913962
1319662941
3803472706
389163169
1391724173
3020790935
1866733204
2812661156
2457229838
2434291350
2784377978
1234223012
236212165
2760297160
1172676128
4165469648
2016152135
1327375129
674994023
4124401438
1912358505
2096386853
2822774321
3633267453
4026888216
2912326662
962806986
1734454076
3698204747
3737975999
787414964
871059321
3174016691
1629402183
2716848539
673459106
4095934041
3058959239
1139150368
3465377817
994283982
2060207763
3829226545
3314501735
1864723368
1393689084
3451368994
2339959178
4132776814
3210759054
626265828
4029528659
1340512096
1273359219
1767214194
1688021673
1912425597
4050474123
2130721253
1657135172
3729665007
978030741
1325802972
634174545
2605180400
2135214452
1402112146
3848327813
1385586906
517098029
2505495274
1038843577
3673452527
1590019604
2987829403
111804781
1833812099
4148597072
2447447069
1335272666
2615031155
1361622434
3309899344
1042532338
3650000359
4107650526
159750815
2872077612
584362996
754731575
1053533341
986921607
512893201
2936810895
1758827250
1986916319
1433244834
1549724497
3250663457
501384915
445286458
2594324773
3936321641
3316822691
461007776
375071887
944490845
3280863617
1428641592
2721682418
3261191949
90631760
2528295203
1115647357
2485215210
3754475584
958655242
4156035138
1893582497
2312535032
1098620902
3540586840
3785018155
3076292703
1550772282
447238155
564449458
656889580
2334673966
2559420714
4250947629
1086802894
2821914707
211658348
1255083310
859445112
3302101247
3816870473
3708429816
330540044
644637897
2785209036
2748573343
2367906709
2300212115
646992858
3862283669
2533097562
1325892044
1602026315
946614553
258763007
2389961323
3975729946
756915959
1944473200
1472276782
2644690373
437863169
3128911765
2613884576
1616116730
3961816944
626477543
3941124269
2892160141
1871615627
3173733337
3631300075
1239792072
227382494
2875925580
1163047828
1767862353
2676200553
4118391146
3043231757
925532102
58428098
2743938600
3213496644
376045760
3482284963
284369237
1137101988
2358072934
2041523239
2205998186
3976902648
119992981
4210676218
2349189145
86620021
275318406
163435407
280706080
1643483167
2266343927
3879434903
2765523686
270742127
225990367
2088735549
1847346628
3100873983
1888998378
4039226817
3735753380
2575278511
2100657034
298625901
4141954427
2067080166
525514161
1511572362
2815242752
2158244640
1145120168
1196464835
686131162
22139367
3808093338
1673215378
2156302953
92982366
839733693
3645149137
2875460795
3201076064
349911596
275990157
2977473830
1348257145
949815371
1028004127
699767792
189818315
3524077496
2435280597
2939753444
3867362569
1636311756
2366593048
2777523208
858091450
2845688646
1612754759
516093007
4138951555
838165552
3781744727
1817727314
1403595032
3399574919
1887996940
3599588639
1419912493
343095473
2086140194
4121749252
1585904178
1134150970
266008052
260422589
2319381052
2232416632
1223296992
1353830359
887450698
1928816627
1430890500
16772083
197230003
3952203709
2099023049
4187261415
539921507
878210931
1054401128
4215010450
2232949463
4289031781
1504830295
3397816489
3046560359
1095990167
3695571281
2145757727
522926798
2490410988
3201289760
3526107956
176553233
4253002368
2309062278
390731505
2061051650
741545870
1544692491
3052936987
2066770471
1482276162
3036844522
423995371
225827919
3974002590
234188529
2722774305
4221391526
775817215
3330710633
930444088
4201452620
134115780
2162732381
1164853182
688259318
3202349246
1015907461
2959677037
1196829797
1382161857
60266860
1487788535
3342171162
3503217664
251518656
1909546291
1301348850
4210328816
3379526412
4139111459
1008045284
2288065806
3197671527
2602954652
2164545983
1892782371
2699169502
2152628147
3844502773
1321357989
2412410849
3609753365
1581289348
398125510
3039990497
3358832392
2113165589
3925852218
4107707263
1896450588
72825207
1987661438
315852061
1604477225
2896510813
1450879310
4151550013
2045967135
3011904333
127663506
1761211102
3719868387
3434808189
1412072120
1651180288
2814545826
3846181800
2136349952
940033723
3098675204
804697049
3848308910
3184354543
2781904485
2953345127
677297155
602502973
1068891680
3241225108
1338186213
2115019258
340518898
3974686653
525048022
3409606131
1217131468
2655739921
113716732
1784347554
2413503295
2434478839
1543957897
2727992529
2528852611
1288407412
2291367903
3135866173
678356489
775334976
1237567781
2908876238
4286117771
495171803
3609815797
1634412800
2533101723
354672979
1530065623
4049616142
1188799170
313645721
737607088
3178370220
855248880
2021822749
318016300
4103125928
1357647936
870495959
3534835118
3288059387
3930139602
2736015448
822510422
2819865144
3869407142
3328861197
3724103067
856805149
822002815
2473858092
1632875651
3748262765
3267023779
4029943597
3608340728
2262634484
2255472370
368199324
4262740803
2727012579
385618404
4200753038
2546233270
2294559644
371465443
367272915
3701672236
2525355754
1481406404
3268845653
2651674713
758547718
2885042494
2146807192
4266755120
1499022619
2184619892
2043332740
597832511
1390683745
1135991522
2379535840
1569501964
316906877
3088402232
2945920672
3366225669
2053185984
2036961657
3774077020
1048433695
2894619549
1866699253
358422232
592004836
1186774662
1974166056
1363472517
895937258
191782004
2241775975
853481123
1839967832
1813053283
970904299
790502725
2833708573
2928357223
932130285
3560174834
595748882
3762491733
745514385
47953290
1082863677
407116151
3953930501
2023482634
1329914453
2882985664
3211514237
3032294595
3987989931
3406184141
3267747938
1150639212
53721021
2192505957
2304267856
946796369
3969038397
2468863830
3075849072
1673833861
1946947084
438753198
3596988462
4154010178
4288158098
752333852
2917057739
3953336005
1743018721
2271752430
287422511
4028981110
1962182847
440628739
1066804529
2779090288
321845632
665155674
2231996297
1080955582
3294239647
1709542193
2631405664
2123141148
1277567033
3384691267
1539665205
2732052800
4269599115
4256793475
773311076
3595458865
910336540
4063253965
2581044256
1630997041
2973263444
2564691806
2745226887
1655365325
2280127902
3055572560
4280552247
1080483825
1140212223
3377553446
1086189101
2881174548
2829721521
757484700
2813906852
1411364131
1623544485
554704082
3334163897
3303488222
4092497885
3125750961
2965956386
2282310330
3812022580
540124315
2854823798
3791055124
1270352453
231111163
2587489972
1485748988
1122054938
1141431473
3763332785
2541858987
3461395953
1489434575
322218821
2613730818
2745738246
3854458115
1524547410
654337631
1691754659
935886261
1845957908
2543920231
4127142011
882165105
3087107899
111576140
3341903381
1531778894
2859599725
3789043680
99050901
2859196392
3667941511
2963870470
313034746
4072890676
3980910738
4170603880
3850946122
3968689437
3116914114
2319566848
4144440090
289203228
4131166635
1839097882
3791683771
160144789
387845503
1042795746
2397173215
321451119
421982144
1409261310
3785412743
3157377429
1477910683
3831066160
2579220036
2089650844
3108297829
1161261575
3127072649
3578339826
1226255067
848326725
3613497127
1093116457
3626778507
506230430
3369850495
3854076740
1066396909
2491708939
734572646
164539330
1619695824
3209298674
2367260350
4033939349
2528773350
4257249731
2986430988
2298771611
1586470812
1700177587
1628926987
2965057860
1126871483
2438270481
2600212668
1364733811
3639252830
1545538250
1752270660
2847635972
2189782652
13892028
1448606723
2014909006
3129688426
1355312933
1883692421
2292970822
3167928910
2383249082
3925455484
3671232769
920696827
2562426308
609833964
844670188
3344779542
45863233
1509555075
2658737391
47698397
235161573
3045865578
3910763768
2512044645
3498831530
786594968
1642055922
3194343961
3004493293
3577884083
1097414346
999866844
556464406
249435093
577326314
1874324139
4050809325
1764181705
4001534307
1361585769
2299420634
4064967250
3596301072
1698133735
2291475785
2461385125
3772479776
501537347
3562767056
2037853663
3427046448
1701303777
1739749910
3279578873
2935346941
2123706829
1923231921
4006816257
1827234731
1403052138
2283440702
2393742534
3794998097
1008255180
1606429206
207965500
1818104845
167066057
2211428002
2250699127
3506154844
32819950
1758163196
511042940
4087528775
3980834422
1376294621
2020149806
2472082659
2472952369
19980157
987452253
1537813433
3769982533
3547584727
2243627165
2918627306
290281094
4250693392
1616950626
866705543
2621427220
25162943
1773201336
3125734962
1124209487
3318124163
2083331625
1118433465
3666290778
2571476043
3333746053
4040499105
2335666965
3694736207
2829976934
2559483262
1442965262
3569709699
954810026
957515400
977369511
4009050237
2017892224
1893270451
2299335042
1006335957
2681745249
3954585093
2719389113
2621160614
2876394642
4262663224
2906618164
331183944
1439035070
3097380104
113217050
2027963026
3521351374
3895640492
3772403844
148309925
727313508
1258967149
1886767153
494745660
410774892
3370108544
3945190935
3002609629
297115941
1937321071
4049871727
718452843
40950529
1821439596
2988938039
4194685275
1173265480
3639846285
4097653972
2859301867
442334924
476367258
353741517
604118847
1786872110
3061824364
3835647870
1826184611
3735684574
2760957125
4124393638
2865858178
2365119741
1843496258
895095708
3407882328
2914530309
1676019911
2758844042
965859365
1583464130
917632537
1351250381
1939970266
1363967417
1759723793
2112988064
1718230193
1915460581
2296489088
3301980866
4286547564
2682894751
321759878
1977217011
2806859091
2186631719
822811856
4127638395
667374498
1100196844
2399816347
2447133618
2933494209
1718742656
1601916575
4020801063
4247478088
1863130168
1943666899
4128697433
487950109
318620784
3088745856
1753884157
6275058
1381160484
1941369962
3977723193
2016016649
1462960408
3511811602
994168183
1529552969
2444599786
516776374
2595495786
2002930770
4105748357
2913681031
2379434594
925004715
419846487
3351349892
1461349009
2774716912
528314260
2703942263
1916462919
1185141018
4053576688
3938485060
3456207580
233250551
3656539742
962201980
870470915
1244419865
517838900
1557871939
2608893812
2107801995
2640134169
3794844918
2607901463
2470440520
2330329064
3385803726
785545589
2338611696
1871380621
3602544741
2458177484
2204890415
1129052789
1188311348
136796279
3864927464
3803741624
2533695196
2564641931
4219628640
1860967235
1952640274
2006084300
1716198996
1263853168
1182575631
2008535120
1977073847
854238954
14430205
3794021582
3769339713
1560505022
3613927680
814408814
4150332312
1934861140
3536297443
2103659410
2726728826
977978350
1341914783
2724463856
2850909823
3611482932
2849750401
3820199654
972733008
3034845984
754287261
2405858928
1931885871
4288851944
1486155575
1200366053
2709354701
838549888
3684530699
452330493
673930842
876807904
62123331
2997859674
3345202192
3435825999
3771417347
1648625094
2735076701
3573798400
1305247397
3483178633
1890858888
1001207465
440280268
3304384766
3510953875
1500796480
152526147
35650437
1389715236
4086048985
2545324262
2753984504
1368837279
2567854587
731156850
1936440833
674466945
1102395000
149386245
1499762242
3309562852
1220925270
1304218359
3718545928
258419935
4195175494
2177279332
3024533236
3194382096
2500950823
370230372
1460991404
180836689
772204213
3772739460
1683291172
4074502945
3111020719
2051266102
178610300
424554326
4106949792
513672792
3862274394
2573219441
2314189147
128508737
2497651617
1948023051
3377642587
2798859571
1191871540
1782070233
2925580977
3045009485
4165271732
131486291
490095313
2787546392
3931933905
4100772495
1721043276
2804920567
189230887
2768732732
907240181
2613618468
1623563286
3929891477
3651591912
2020858601
2294868549
1651335457
1530258440
2668600283
2285446094
670835720
2088011168
448155205
2736728747
2334244505
3882384414
619240650
4041115425
3329720462
2372985423
2374170597
68441426
1181673361
4054775303
3773324995
1897201164
479038113
1052210823
2148096828
2531765407
3037164668
2090137868
806082790
1155943138
1913987564
2977862405
846988800
432471302
59327164
4270763915
2927303282
2464304833
2470533781
2258197578
39915642
3467604935
3867097997
2835819756
1159068527
2358326507
1270823767
1801333683
3632781612
4258187491
3720379973
1079468444
3828934139
873718029
2121100618
2638880852
3712518995
3074450517
2905039229
3898049010
416718101
1635660207
515288049
2254283928
3394784980
650923870
733771304
331975078
748291657
3367164625
3535254854
2686107546
463168025
3261613424
3906190417
2233174074
478575967
3697445178
2992289362
1717460355
2208018538
760501997
2657832688
2422437905
3195077711
165168304
3529107090
1130903298
484873507
3926783461
51506684
911505813
4001846839
3516508266
4236185005
3445348155
751601334
2598524063
754241945
387887260
1688654138
3505926567
799074284
1606872470
2639418803
2724968368
719635585
3540045181
1775158597
1810308034
2422360064
2393228676
3843071131
2219386711
3398187462
2295980560
537475165
2052987507
3507090044
2148791569
826577087
1528722967
4137698569
1554681499
1030925153
1009015899
409917250
2207000737
1147623454
2531888437
782552683
1012602405
2830826790
723612473
2084460119
1307082642
1798271017
1728005487
3133419754
3608783503
1731171417
3423745275
1000106684
2288351377
2974594740
3403678223
3755689698
3765574543
3523302013
1495532998
2917354881
2080836750
2203295298
4116383250
4166522052
2900023759
2651658492
198165892
3408642296
2602419994
3133417893
1787772573
187154615
2618204488
3252997825
2294716133
4066169315
3717352875
1523047062
2751393112
4120705332
4245764052
1438166056
932491045
1461452143
1254134150
3376756988
3910507687
653098026
1035595554
1435817348
2153142995
3186964447
864186164
3948835074
2353908756
1204344358
2832014212
1540396229
4198124758
1317066127
2097629745
777872900
4198737989
1073243239
3250970213
2646535878
42148937
3038531141
445591238
1734884722
1619580926
1629875368
258198502
734355663
227285760
2955370605
1748856380
3228357712
2972055993
1280377445
2556358962
2794877323
2121259249
1186545256
659153159
2967212546
3550270218
590613025
3801371499
2297589788
791394243
3126301161
4264290840
1607549734
2603043129
1474932546
3280977665
2229758945
1375273696
3771414308
2032839361
2247873658
1383188603
4053634698
2517757454
1667411635
3810835449
1386757530
570831831
1225901469
4096076838
4189219497
2765368920
1794340808
1249495472
829893555
2780305287
3526785143
2596318918
173534543
2886140797
1679898923
1401107438
1038975386
3240714187
3124724201
2706986089
986018391
2898235942
3016704676
2169402085
584984228
3888206855
3571414594
461951146
1515841668
3404155009
3099076487
2990040951
58989723
1818624061
1442987039
1328144010
885103234
2206232046
1572959879
1565127551
2943339344
2788551877
4004861319
3595528276
2650277151
50340443
2195349347
2978563597
307205770
2198117920
1016953076
2326061319
279424875
509349163
1726624626
2990363691
1714028459
1114291714
497410072
2997708070
926997196
1086032712
4221528956
1538403705
2269810741
331576840
61809813
3905328229
1663186107
252179849
883777973
2478920818
996012020
2878947851
647393429
806278691
4266960128
50603516
2211667780
190321059
1394942625
1022952145
2744204364
2030908203
4160704926
2267884439
3960600911
4174352612
811347256
1165729413
2421290196
972956144
3219156290
2703640548
3541428113
3368742875
1720871229
2845713866
1737341878
403110995
2250520154
315087423
2590404652
205596319
3640130911
3403352159
3202589723
1599795432
724033441
4181714892
1807505920
1243247730
1614099944
1547350648
4169508043
3955320862
4187494987
148388255
3778722858
1795869838
199235154
211294765
1658547028
2185351401
3432644939
705082543
1713541771
2222144976
3467715848
2179720129
793675494
239604015
736553939
935219400
716805312
2632111458
3566432125
4206904358
3153192352
2968919794
3025913683
2965999680
354407852
1563115961
35425467
2158325721
2034915910
2658917626
3749349359
1404799592
2066448427
2881674598
243987478
2330733697
2770578266
167266947
101019340
602888170
1462997475
3840916716
3181048811
3838950404
2592899661
3352006789
1669028384
189782247
4062889038
786953448
1536142931
4211332203
526355439
2459745163
60917118
754905816
1128569287
2869261854
3543317528
1429992024
1410632733
307763593
3565436526
2017607820
3087573490
11408357
3836416393
3367778439
2146270190
3627598344
1116566366
3991528897
2358155085
755445970
1279590439
3925061536
2895049310
3947091734
1053295676
1349460143
687289121
2042848599
137540736
3321645727
538645209
1279033064
3311204435
425724744
1558343608
2345504165
2782816035
3146574445
3327495860
3203227745
4011874953
2394373960
870797267
2109984807
853058838
563607445
936307462
910115808
2862528203
2263093681
1998824987
1226642988
2640164083
4173223998
768042647
3150380330
254819368
832522412
3174943063
1138761602
3443406327
3887919079
2305265970
3219415299
3165592100
1643419121
3602699015
2163742912
1296929974
1072878338
3346939855
2010419125
1513443433
3734762427
2937381906
2881441703
408044896
3033498461
1798518140
4140019014
2962629708
3355735501
1278589225
2101610967
4072470823
406862212
4254940939
3309902519
3493145912
2355162835
3002620728
3054924732
2099022940
1758626060
3408328255
4069849740
3988665959
3675132253
3968158318
408288441
1576338161
4131431003
4122292776
1494090686
2479419334
2845230540
3970008502
2211521127
2956255506
3568174057
3113586105
3994419452
3332773322
4074113156
3960921660
1528713980
2258723083
3933029681
3760611866
2453181240
1912918639
2629216615
3163515629
2520843280
2139027171
1925002520
3959071166
3054036606
2290301273
2069673540
1262928919
1258742719
2749137921
638587230
2030410678
3482288589
4191608644
2965430944
1960145077
204508018
631250292
56900338
1559123042
2862125868
3493895799
1214196692
256742839
3513768369
2251232390
3885949707
1339285263
3413178001
3710345914
3544071475
3991618639
662186873
2731683685
271642826
888150562
1195868039
4274368809
471893508
1190633281
2285218797
3163030990
4102004847
3136403329
3261879066
1590605878
678448450
202408536
2067124453
1025496228
1966816693
4274838204
545839167
4221897044
3649499624
2016273658
3781163827
2707081236
3259532598
23735298
3185520608
2610602476
41867669
2930949752
952836022
3888142855
4220440045
20589704
1443983352
3966233836
110129584
158505250
2819254942
2354318295
3448389358
4071153642
3511207062
1195916071
2842803903
2528356521
1198917362
1428617899
2983841060
2388141999
1904141232
1241479760
3614044242
1254078808
2787350555
2624823633
2813076716
526949426
3328894834
2044089701
1441007301
3135420899
1156453372
401230548
976241362
1062759821
3941685761
1168653515
2038327728
3128097265
3218039325
163101869
3345632114
1789869194
1300208336
3968450894
1228401209
397471758
3898244948
216052226
1776269108
102791059
361817490
1432860147
3158602525
3992060257
962117045
2004940104
1401062236
421587244
3371320737
3787558279
225699316
3262327601
1229457127
2192401361
4084887632
4032963091
524866279
355267135
2474401786
3342088057
3385337772
2067239689
1854890350
86015789
2829769683
4003930283
495025845
3883841536
2307723087
2127806735
3831738195
13376269
1830244807
3150764038
4278930942
2015848683
1227392619
2848843430
4055020169
4122340516
3615748167
805911055
1391515714
3027091122
882431781
3820583839
2814182280
865153526
107514165
1838143838
2095548611
3277721224
913736366
3931288917
282686409
802238134
1042352020
2615307327
1216920694
4022597703
1039765688
865147582
2312553029
1026954079
3182252490
3441260412
1638450235
388580339
1201241277
2763074585
2076662503
1262034425
1923075676
1798810741
648637819
3319144197
4143716608
472961833
842618497
1509486929
861649404
3137887056
2515385793
564227179
2642816239
1537264156
3930398679
1296153656
829378459
678030779
4180897081
2557970673
1023242264
122195380
3582873262
861725051
3905649215
1829214564
2504487575
2564776580
2873321053
4076928399
3211750898
2348869416
1505856632
599906592
2499293345
125338595
2747691156
3663638132
2388217817
2699508643
3605889463
3824940624
45329954
2067817880
1660487217
3162968463
583963093
3604349637
2698018758
452013230
3569242664
986801310
3165954687
1503531717
1354888847
2828463131
3596465460
2142795177
1341270242
45751411
111189298
1911528025
3093414105
3396317106
3500105772
4257509734
1906361036
2465447733
4020098274
2644538092
756693405
4257111944
3057121817
2356767153
3964541718
2411773000
1429877049
208733052
444169205
1200214089
2692329233
4078970297
3288848927
4163198395
551137582
3736576009
2929270829
961971371
3277849172
145301907
3650020430
3215619233
2816415115
2040065741
2384761971
2809178892
885393254
2346775995
826399096
856252778
1301976605
1863969949
241953937
2862737356
3963913157
912391796
777658109
1592921730
708482993
3750182031
3911204732
3908081218
2018635798
3158906801
1483394243
974790101
3827806971
3700816764
2635143781
4214278877
710962323
874669476
643560416
3391638715
199212442
1583525172
4289145579
3507030367
3410031256
2232998002
1733971429
1168503996
3355047809
2505279414
2246273572
3268933413
3276352439
1041376238
1815256202
2746372970
3389265203
2249589135
3616046255
1015697311
352274608
733138890
2645034613
2038044049
763004617
35417992
3349313484
76070475
2570626363
3316761386
647155886
3820060842
3142977042
3760249852
325703087
1805269559
1196139127
3631285458
1118515562
3452610535
1871216523
2946709849
1689962602
1697845610
1779233352
1576448317
3501830719
2037522162
3006262459
604092171
467781148
3992866814
655038511
1123849281
1717422468
3784500846
3586544441
768639731
1018529626
4004042123
36485007
617823278
3999849939
4097072895
2633207170
3747805108
3336194264
1106296433
1841547032
1243410173
2068525031
1535901855
1923090428
3237666017
2518997596
3070428608
4066075912
2155217106
4122652585
1272681987
1982598281
153097171
3371367554
531740845
3337309123
2766353007
2394223722
803916139
1667518464
3147853922
3754054984
271198131
979559388
4286499373
3108847351
3330600624
4125234244
2925818836
971953823
2263543089
3923954532
2664326791
1868784276
1334603375
4237444014
4066637396
1275421504
1073717991
3807603394
2165248127
20858268
1181566131
4040772922
1246074648
1658620981
2093192424
1365090564
1622325765
2441045585
2286836663
944213795
2008801465
2809994545
2568745152
4081241997
3424356630
1771899147
1858223065
4034968409
2446264583
563215013
527036991
4058233508
3293450039
1300616960
2573708884
285369180
2130516858
2897147691
321024996
471172878
3187672676
2117848457
3028699504
1139949152
2504135236
3471693891
1033047174
1627827487
303723813
4123285992
1998319229
4195926838
3233754129
2409643949
3110472532
3739631108
1700600917
3790912998
1510847375
3830812790
3059673333
2112340172
2361125987
749578948
2684990120
3196970159
2533196280
1690190063
2156399664
107102801
387605789
3400381611
4112302909
3508961500
2726448892
3640991168
517249437
1212019193
3257138466
2359841516
2231360993
1027830792
489304915
4189876993
1411779708
2497686885
859555873
3207307672
3977055519
3571736668
480713287
2559133488
2866775045
3918592228
4135952976
1161173722
3212762257
2086993028
2335305499
3085907387
885475711
120726776
2910270684
1116638687
2579910891
2502806124
1844649511
1942291992
3003102273
506775438
701259199
1384125397
3470567761
1149190017
1887779360
2184712148
4096728955
1989513262
230927407
2888400732
3159275459
68742685
1059806579
2293887594
255508304
32096023
381319609
1560250811
2861058712
2292646121
1329005594
1205286982
3942663681
1976918534
1244092348
4109057198
3832144046
2085648104
2087014852
2343915627
1723241370
3636516649
627151426
725904246
497053905
3703006442
617789106
2374630576
3390606098
2601679167
1249082148
3144861250
2404123154
2072862367
1932771472
2375036730
1446108087
2595416203
468116275
460209827
1449350585
246911334
2244650216
4182725591
2522570774
3470072102
122218619
716473042
2868562018
1210059613
3974704294
1175001656
3098695915
3982353773
215585965
3510688825
2303969687
3566814458
3751593370
951548223
2868477016
3022747196
1966516234
2159809130
3273753725
1193207275
3858791553
1284073490
2226455309
3628206169
4190177358
1249619085
2354854262
1907515720
230195477
2647309736
2537537769
3466161422
3349856428
3167208965
938233603
2557221268
3923697109
1781243085
60589200
2075022843
3230813295
2235914201
1695389345
88364140
2233321086
933619692
1189991494
3503515367
1365258341
165794534
1795118273
3600464206
1066149191
3471019845
912211787
4115777975
3206704457
2396810310
2160933608
1049405335
1699818281
839695583
2086565589
3946998137
2751182178
1798802615
382925906
1010281248
2261595016
1600990720
1865459577
3614098324
3185195885
144943281
2299977694
3782759318
3270872680
1182868433
4156166954
3965437430
3440113952
2571985432
1737186752
696064809
482535216
3426541146
2524825970
304298564
2342360046
457380048
1403730737
3004491587
4004582538
1280904294
2058871642
3203231492
2609730544
1024787334
3441877330
1287774453
2239729234
1629532109
801963879
479389066
825564370
737084438
10542740
1498468503
3307013683
2409673031
2440086704
1693458979
3662400568
2271114262
2937940830
578745947
4285237524
257015440
2247061732
1534154499
1317062385
3105168447
2407050224
1131042856
4161564544
4274291295
2189894545
3723427087
1517327043
71589920
3573887361
480441532
4038083694
2225168596
3052750243
1267339330
1940434860
2616293705
3994658986
2190451
2881743992
1394671519
3404577705
3797288503
96268354
1661017233
3947629912
1661148829
449524543
541455608
2088285026
2293609663
1014079424
1068301579
115256576
525541398
1658944469
3927199199
841336764
936187614
1797305885
1953518227
3461271544
1554982534
2005029177
1273635988
3786155915
958760988
3452354793
2249429898
3860187647
746434361
860726919
2510888749
2617252482
36217231
1600258669
1209605404
1365379365
755897807
775799041
3709300223
708176618
518732835
616442537
2154394101
165384352
4201067484
519783697
3545184504
1366941330
2525018770
3776344767
3620710216
316732556
2363586950
1994479701
3164072463
1685171571
176293928
1030882840
2699887972
1210248253
2694966862
3824866300
3915870069
2943948819
1786361122
2290207219
407490571
815654669
1397368456
2272863667
3589275780
1935205369
3270289026
529223243
3123128497
2574405524
3738090824
321631563
337548573
3435621673
1948373117
4178477952
479943829
1751808900
3415259312
1070446199
4192145862
1933913494
1971460033
3986155599
2764720137
4106754766
1861889138
3329314836
3465595717
3749764882
1754394239
3916159540
87635574
750677609
3144791089
4016016150
3346578291
1943168935
464224379
3082904362
1307249156
2831126795
625839853
2399931937
216666529
2863345261
1862920896
457938592
91841588
190460003
633191702
3305202434
2195468327
1692776053
74006338
1887943959
1308358482
1643306307
387617840
66801569
908473596
2826645651
1551057075
387979704
1440993141
1464547752
2423827937
1160591855
1044261473
390318684
1925341673
2716557797
3577516824
1759202230
4186698297
3281136400
2470333688
2793294753
1227069133
911642150
40627639
3028541170
3880675793
778490924
984497419
2545182924
3524181442
2182410656
2889587163
739700790
104632907
1133302624
2503794715
3185803430
2868053284
915310775
1102363707
3355692738
3566337168
2873828665
498688550
4093209411
3676520254
3172736927
3936935752
3100138560
2636465928
3534398285
4227457347
1799384275
4240022155
2006662254
3939687706
1361863868
3689593509
2050159995
1215106916
931572416
1397017401
3527076795
1765505498
122236714
147479449
1997242416
92882315
3628764473
2624214780
3151595585
764884518
4064743067
264902995
1647588475
3062408579
3099340662
2198223936
4114780858
3160713622
2086299796
1997236608
3285765312
3142154902
3536538857
324286030
2650072420
1971571841
140140359
2941270977
1504409862
1049026056
2817902916
2701209076
4072929162
3683005405
2283235168
3799994922
2979339152
4221266223
2168896346
1752103755
2921079571
718759110
1465185463
4146189705
1319833833
1800713079
2570464156
3729203839
757153597
2104186596
2848336394
3970920718
56930135
316426381
2081690719
1612997309
985072834
3053253683
2714139338
498854845
2602722871
2974149498
3887058602
3635182733
900657886
1662810782
4013716949
3275211526
2682230759
3529809302
2923537933
2254993398
875522179
3879059196
3353792198
3241570588
2663023695
2350469160
2737811517
3256502320
1803850227
1485687728
3810886014
4061414592
386158944
3697083575
3232081358
326403090
1771867886
2397142861
409443461
1725232599
2947667375
1904886484
4291864194
1313297633
3068945055
2561208078
770164892
1111873289
1861595498
2845641096
818912023
380575794
4200956246
82806523
2326894413
1495685885
2976403414
56409405
4251745749
2615841913
374107763
3131582446
3164064048
3925874048
1447937592
743322527
3349675918
3936213967
1135503932
2389823445
2708576643
2143077754
4251320694
2294905418
554479190
4011588393
510921812
3369006313
2519760189
634116694
594046564
4000239287
4088041224
46315924
665522041
1549833092
2555938264
3928914281
3907429254
1495676333
1576321626
3276302714
255023637
4000191925
756560852
3408449406
3088095937
1246145081
2238475427
3945198430
4072662731
3777513374
2330666758
2146767427
4207915099
1983767626
2942812670
3466046736
2051884664
3868217297
131162480
2160810122
2835523203
1791912984
1312761050
4240388651
1774623673
3642766047
258425747
4141328776
3085563974
1885758469
589874780
3248692439
3766998098
3435150667
3288999650
1532923494
3818600961
3269593063
1389463040
3883056948
1071122446
919337492
4022943242
2573340087
1422228908
3222899488
4144559810
1228394587
2260990187
4241388338
1366766083
436519924
1503652880
4148246171
3653527818
999305831
2718948552
584998337
502564234
2715433367
2961341235
4278291696
4060635997
3748225558
1049627879
2846012367
36538159
4107346311
530887620
1753703313
491558539
2751856611
4264634429
46188886
1592193749
849400237
52479607
2247948452
3119724869
3939617033
2813000910
2301970333
1681950873
2814041516
2914698604
2360640173
3722593628
2979827248
3797821475
454308071
4188079023
3718426767
579406672
203600676
2089222177
1866426426
4178688417
2221291127
112079656
1919894692
1193372157
3117697119
414904071
2729756941
2937450395
952469877
3275993531
2846590414
655451103
1490004712
281881699
965541094
1788365121
3547601561
3018044583
3676559199
438623628
2229101608
1664069148
3891929170
1607042626
626353057
1012026221
3508279424
3874254493
3262654891
3814447032
3141290748
3234816424
4123784900
2798433354
308103189
2234381246
726240128
67150278
110089046
517266758
4032038585
1590171209
2563639754
4115569958
998663426
144373103
4260031014
2597942475
2174725872
2970920257
49006179
572123558
353705142
3016081643
12067250
3628378363
2041567436
4005509997
2748897317
1069088730
2808504535
3931410425
991652991
541713992
1077525739
731561877
3602207864
3257254111
1979747138
1334422433
1375823970
4244412100
1134690302
3529343128
444941000
2046853970
1069101466
191196945
1485414209
472192096
2539055929
1389963767
88184651
782880132
917050732
844185194
3894847453
3980704283
2408478753
1527827184
2996791088
1353821388
4286841683
2961680083
88028115
3999082808
1950418762
1191722635
3688256944
3634480378
3342621691
3675686657
3736413229
2286969370
1148333348
2408980984
2964858477
3955004162
3217532619
1124728720
1165097524
67926974
3542459615
2661329839
1438240027
4178881633
3397258452
3601740494
1297745287
819197687
1942561881
2967580647
674367139
1283626930
1773240428
2874617177
1838465916
2749255100
1814357336
3667319089
3960881472
3420622453
663545740
243907098
3952535441
2012315492
1769569603
1344449486
2621513980
4243494726
1367477826
3347785943
618275142
802545502
2647018418
2423386545
1917364492
215152932
1420872596
793395632
2485752255
3206776983
3099093517
3763260346
4164807772
4112477920
2617923203
3924672222
3134698857
2584573279
2220917834
676053601
527780962
3739232200
2374811497
324915173
2706501786
1961979396
1138470711
3930076892
386763667
864961770
947065944
4041104872
2233101121
198384626
3777963294
2707379373
1352084007
3360155035
2368874001
1556828277
3051394440
3182468754
245041651
827475575
2454364731
2636215744
1171501096
2883849531
4015477347
1266900210
2834499238
4019771057
2465874289
3926311078
1062854318
804252938
662355514
3344015674
328071871
3467743438
724286780
1951024377
1064929645
587916896
79280275
3137650069
483620250
2593307570
2137790601
1434475940
1846180225
1129081641
3101922368
2723861273
374718606
4253082715
4163950750
1271441395
475898453
246090549
88191469
1039792962
3956819273
3195651349
72465257
3684968406
1401667761
3750003089
1212152286
649921268
2114588273
700642857
2889040737
3010201271
3793925696
3015225631
3756791727
1334588433
2138236772
2149255508
2537169516
959089212
3846269948
3291098975
3434775277
588460167
3749839572
2376581907
4270430419
2964629134
4244050233
4220048563
1869815140
1037728326
3378836652
3738856041
2718462790
1243377935
3981111035
785054800
1355585497
3735248515
1650724838
4211745027
1039820018
3065264494
2492315635
3282823503
111268146
378193480
1745048226
3657620292
2588155805
398243027
1445227694
31751507
1623444986
3416789914
3731654973
4154602288
4188662831
2113351902
3958607782
59043081
1829519153
2133007742
2914264462
2666873606
214125056
2266364770
2332424964
972736891
1066799933
2661634960
1951112553
2641276567
454443435
2523506572
313734867
3362028152
261307258
3655669288
2283302336
2818967748
1252856173
3390321698
932176535
3391459072
3616263283
1004717845
2034488554
938690467
512102356
1346171339
2649639527
4288863248
1833651734
644055325
2374943207
1025644025
3655454369
608463068
3123060864
2523213737
780281417
23325666
1439539001
648792636
515764865
4203180930
3525078369
1807012860
2600798184
1945897312
3902079154
2769738210
504804728
1315548012
3049217581
493127373
1258697506
3329666870
686562232
2141981021
231462290
1981044096
1100436
456006303
3574940642
1704295401
3162966036
3012534035
1460866042
2636114145
1569534385
1550140822
3519780363
2821810323
3493789405
855870129
1273863829
3706061192
1008597203
2324803826
1072840905
1392870002
1142135823
3339592835
2505063035
2046580355
1422786697
1655750952
3388818169
4264963646
2341013812
2944405685
435050815
3384437150
397830226
2472033306
2270822074
2100118317
1979622871
3313120791
2771074511
2895088755
3143054362
1900385226
3817769459
2939453288
2497782185
3353249413
592457818
1985796711
3701435211
2238262296
956529497
2632028137
141266645
1449052935
127355307
3171436900
520510712
284931579
2230452711
2170169818
57999546
1248050251
952360497
4224036108
3574275666
624653748
1349048869
1869974964
3574019172
2096991267
3700378451
1745235042
1578491632
2064424403
3314118196
808336
1679344925
38281915
3714064601
4281206079
3336582057
1814457230
2912400205
3459999620
2449105414
2407130230
2644186642
1973784110
1905847527
2965453677
1661399842
3986099163
3373330915
2731694379
1892038794
1759293356
2457641182
918297242
2923677979
67763842
2659861236
3671142379
3626557824
3921751629
2948719309
40438568
2620599000
2036190711
3190397600
764002862
3447276118
927202169
4176958694
3851475283
139709408
2326530096
2354773082
797207769
3178859574
3935365427
1501079055
343329934
2074440608
2063994860
2418093314
3265957968
4173692536
184466520
3817374932
422563799
398730959
4107374315
3274344768
3059947705
3841562886
714530815
4163930911
4261039145
2791037018
1321678491
3034741756
1639952267
2171350072
535956877
3853704333
2569369987
3420125226
2624324120
2680586389
1451205027
754260355
3892967748
823305897
3440020132
3580466480
501642041
2386817005
779832845
3942194545
2035184297
945144499
137089955
1010062099
2537889853
2213447391
4284173800
389476190
4250373824
1053581496
3088889506
408350538
2181923428
3888798316
3580599838
3045341231
2572983194
1281042404
2338044191
1476956050
1878073778
3632482709
1390914370
1429232877
118198611
2489168122
1929859474
4018315797
1995395381
25855684
3080946646
1435010242
2233298146
1614270060
1749912346
255571199
3939451081
2942045626
3654567851
3637014088
4287888103
612359127
1683993319
231665638
4055569467
346499676
2022184209
2025278028
2937389891
879568428
3179357693
3509330774
3630957208
333393289
475994321
439813226
2180446727
3063520404
1538855804
418328819
534180874
2954796642
3313263798
3987003006
1912096820
4289897679
883237565
3275812523
3628118174
2823186717
1737847214
1561364049
3028809172
800427499
2333155730
158725114
3865271467
2281707799
3169666120
1121266145
1535690258
1298789174
1261962056
1634651490
3519457875
2065730399
2494044059
2517013765
1495744837
2760365685
3094465580
600185793
456852935
3881767620
3892124038
2967717644
3197265678
3626426030
1483801253
873302584
368005743
1930547494
2775046137
3010436920
2495905349
214166652
1713940190
978150976
2427177798
1171093373
1313489834
690341133
3056616231
1759588551
721800393
3295791119
3873234282
2535596152
3207682592
3875499725
706091999
1916846555
3023833238
675890833
194766431
2881938893
3934958264
2511387178
2400410107
2572202332
146539347
3196999164
432432786
1142859958
351238271
522415428
4272741616
1967217675
1695686433
3964492457
341435549
658927505
2971173059
2356747031
3007814749
452420918
1462383870
4161159557
3919674968
407868387
1275885548
1099593290
3406157192
3661094505
4059633420
3207634976
3658231398
4107999328
1780064688
403677659
4061351858
1928427877
4026185795
613301600
428837907
2071050149
1296671180
2663560287
1144173261
3800547573
3730270971
3481277014
1481820201
965589280
3740270856
2765515116
1546846989
3854801622
2529791085
3896432767
3511606739
66340098
1431516041
3523068249
3703111343
3185131476
1058410367
1597476425
41881554
4101472823
873862375
3584080242
2612586214
701415832
1923222831
2873723901
2858495418
2133468030
651067969
1019464757
4094096869
2860655222
1094407868
1333614490
935202554
948065291
3996550389
3463573400
1906970158
4162895714
628245544
2097066298
3103074155
2300245219
25176353
2394090640
1952063000
1468214659
1082406979
254488227
2021268948
78265802
153238062
1705198543
1533258631
994167201
1395391342
832484326
1988770338
2848624845
4094708804
3778712219
3585694908
4232640733
752783174
2850293578
2520037152
4109335202
1890253934
1201374830
2842905304
2373283320
2351779521
2086253589
2163185118
1651215462
1218224992
4264764637
948346369
1926413377
4037592401
2882725260
2000851499
1740826331
1801144552
1341918548
1208019904
3823227786
4118240181
1459871563
4057600299
952529177
2810995061
900269108
2548926249
2583997030
1391219735
748706233
3219495165
1868229336
112341860
3444233245
3829748041
3378416165
1929373260
3722599530
3756226538
92628118
1079319673
2059561250
2186138269
1193990599
3804612720
1598281342
3966371090
4260006121
3500882929
2110502650
3854254447
2166219683
375392133
707754932
888066316
1368182612
1873501838
1968812836
985586952
1936234751
3025971929
3215830513
2113865182
490203218
3254607687
848756975
411042445
3586378606
35310025
3282332530
1736742561
2002033107
2335062945
1593935507
1038426329
3848072699
2833087723
2917177090
2537490367
1636719385
2380872489
3039706670
1711601411
3970181394
1909549947
1496211229
2945869844
2527527154
1215633045
3025057469
3339879060
2385937536
1908176924
4274873628
591041644
3876031783
517991317
1519485817
3001250403
113239332
1049023297
3738975435
457184633
1721244794
2502944705
1421416713
268994344
27304362
4228193926
2870449892
2958935451
2928763460
406860933
3755726098
801072450
348682228
1760893989
3456518310
2025557863
4267937242
3101632555
2244151659
3057097898
3548727755
1177445358
2024580254
2619928812
2580556851
1137590522
1345686109
2912954099
4273308663
303604954
129648157
2751933574
3255880191
2970223336
1146043443
788059159
1052463702
2878136563
2174566313
1487250863
3121552165
302740078
3360292280
1404988284
2997828625
203332260
769636678
2557550617
3250559072
3429583780
2506682778
7316814
2618908516
2755690975
1033332943
1948022945
2977916183
1492520229
951028988
1576948628
2657649530
3009377595
3417293073
2800296010
1236697517
2234060066
3143145532
1445369855
2229938073
3772769995
3603887085
1457398264
96102778
1079474073
815786758
1261863469
773328095
3363061465
64720760
3581407544
963177417
3135122932
2965928974
1536889142
2071044249
3453562380
3488095546
2678236723
113121300
3736634638
3525357571
2626745813
935734373
928053361
1153305335
2995685549
201622100
3807325417
3029890484
3790620873
149728783
1900700891
4234692090
2340906282
2040413008
3049192615
1357246283
1115187843
587919380
352230394
1819685806
343375503
2378436929
3406865413
3782661077
3847238333
167553817
3643375458
926950066
796051697
747671144
4108845642
570490882
4023983820
2712158552
773038719
572068823
3967786090
2873276799
2682964682
2409941915
576837330
4076846343
2561404850
802187528
2224947969
3078755223
3927969265
3170019529
1115152837
3762403423
3810571331
1997508213
3598495153
829452548
2177093464
468344070
1012411095
1636805458
1918803320
3036375112
1660722465
3671677964
1006129341
3096135894
1637530024
2508002953
2259976019
2600190760
1626012892
1083762497
3358289730
467584173
584123680
986209985
1876912040
1774736830
2852963942
3147470099
2645277778
2863348946
258778103
2042521308
18002279
911527644
173329788
635628075
1036550209
2419441441
514380772
1033408543
1474821447
2096603464
3047159323
186954462
1785422817
4068919872
322913158
1460933745
581006390
2658215555
1379517468
1246487515
2220961008
3090984462
1547335204
2349709798
2487036950
949019144
3907124651
2990779871
3926662286
2498016683
389756207
943774810
951121900
1523054235
851002251
338759355
1111021149
57233159
3028571223
4247897505
1729469101
974847907
2342981395
3833351960
1127835757
3085775178
3102054698
279756799
207409541
4178625801
3959546048
2168851839
3883064729
964754026
1270780920
2126984827
1174513636
1277003777
1001483513
112600682
3502057520
579462121
3621848605
4043565447
3927226213
3594757287
3055320720
917245312
4032029277
2299942309
3992173468
3784184775
602520245
4007960619
4119051031
2569952322
3725926565
1286161887
1131114681
3223720195
240825159
1377363697
1627971891
2433650663
2364470427
490801659
2276440658
524352877
3145005052
3208463776
1029260279
2980081757
277978331
3973440829
1231165448
2661987475
2946463668
110793911
1527477409
1013000390
4252381668
720500180
322527390
53566680
238868385
1776652119
3766171010
1838749777
4229725060
1907177204
663365065
845606228
941078153
1435095251
2679672721
3505874473
1006198403
4053141461
3115563174
734179902
836321165
2846868050
923370177
1198679270
3514717048
3582307767
4178481951
428429180
2850572555
1733411563
1645085877
3878023971
1511133298
3481261784
847877985
4261767911
1108552530
2853196294
2423881881
2210989135
695909825
840022808
1992914923
637174667
3099060913
824736344
3306436196
541749921
2615211221
3098554930
1808379115
1966202638
3426194081
1701936806
4227784648
221052053
58857362
320977681
3374830275
2388323658
2101951771
1775362314
2641992089
3012706813
2140505918
1067558518
1560991523
1789820129
414284935
4224088879
455926328
1385380338
3740742729
1022490068
3589560510
2944554520
865731295
119126191
337755957
916085717
670220164
1941269613
3400033107
1698143614
1674226699
628766124
1705528089
540188972
3993540327
1813598291
3128533134
3333981297
3457972193
3233923184
2524566937
1878136709
1975097069
3671843038
1834620441
1102311470
540202180
3942195414
1931073185
1369246230
1506461227
3214016790
362920333
1193544608
2129264855
926052292
2396185678
3216702961
1907971319
3339339783
1346595180
3158392288
1632769066
3997765759
3382353685
1968360346
1964138834
1018076521
378137324
3701092117
3446784698
1644904127
807082549
2555865354
2836439420
2511606034
376034912
3929122914
1783836714
1236518398
306851055
3656511946
752027024
2675698041
4090252320
78825335
1056055044
3595202815
1107612905
3428673506
2446143247
117093377
3201481582
2145341115
3052680938
37972469
3528683469
1192031932
2543031734
2104678518
4280292057
2322460251
428994811
3036446473
2172133303
772482465
1922266082
1513335326
3887178930
592654568
3338386581
2022298291
2472412733
3608417451
1225868082
1053991400
3650792277
2591385690
4176621030
321793741
3858165889
3629992660
2862430165
895154175
3637812745
3260817789
866842189
681787030
3255030568
2126775926
4189749681
1929430663
2955823751
4168838809
2420081728
2425250159
575369945
4010299394
2567773287
1833756248
2122037109
433193039
3697060648
3788218831
2975049552
1663376024
965402257
2421545886
1744065606
3767779894
3094390282
501872660
3515295650
2728285512
1734600312
3950768345
3118116141
3023923745
3469479596
3107341922
2305741371
3500837435
3430218106
4118858469
1423775897
3562354686
3505167083
3187188235
3803718693
3949784763
852001748
2263326892
1903696418
1688162498
2369668545
2807756852
659817021
1181180356
876919600
3443823904
3291827074
4106187339
2172808201
1226269684
2905315396
2433738759
1582317708
3696546622
338845759
3093719452
2358362628
684438209
3301897807
3390053101
4213431332
1720600700
24954367
1509802853
2096408454
2997997767
2872984897
2362470511
2080689988
2581591075
2322721082
3903802904
168656649
3257809763
307913662
1169709592
2576855798
4043135323
3737992303
3751635893
634138601
1683299786
2361512826
737611083
51476596
1982510144
226845478
1218351073
671877241
1473795042
3147312790
676675537
2635671238
3121582471
1334162148
433219599
780910857
535909152
2668758301
2060797818
4145351910
1195258425
3286813634
73590239
2255113852
3678268801
1289117002
3710345156
2350368430
1098282630
262496412
2796646525
340659791
1149152645
1019973777
2104303799
2532917770
2661936788
625409086
1424366120
1538786524
2007323904
1499906856
3373421537
1142328018
1885716600
3723820495
4059016811
3157769474
2665577281
2712169940
4006594287
582796187
2376658816
1793970551
479353991
3922764084
1899368418
4189652437
925933568
3450878547
2441350190
769420767
873156884
1231000393
2696624559
2948145970
697965936
1746658207
891188664
547662038
1334756557
2440572222
686434018
900999252
1427536610
1133649693
2212872074
3614816375
3107527618
1242503699
1545399464
262208049
127322674
4031289248
2006405587
3699387586
786729486
1974320783
4215463721
2777832087
2300763205
2009915828
3914361407
3814307326
2193723969
2967608073
3015312146
3470938755
1715581295
3615635001
3748166716
1901498538
483795461
2957164897
2250042918
523618621
626157045
1707585977
3781219229
1410311299
3509727331
3617748661
891592646
927233074
2266312263
3248006767
933507910
2502634724
1466397048
81984472
3888018538
884041480
3881465374
1567121916
2819298621
1197594704
3536711444
3939058508
823434952
3153803594
3116917803
3885701239
2119070075
4186072404
1789317776
3467301204
2926771419
2161525579
289068197
1734836360
2169917742
2162749630
2907498016
1367897028
2772123940
484092342
3426989953
3397573433
1042038095
886867799
1818829427
3954713464
3242597411
2772301127
4127802632
245209305
858574501
1822400641
1551363430
1029284208
2880233620
3322982639
4146410483
54867937
3076335262
928491011
3242445569
739073953
3816963385
355674883
2706140416
2674753788
414907230
366158544
3460875806
783614212
236092285
4068871193
1987925798
3522520126
190324157
707815192
2488194688
607023231
3702627470
1071963582
131788969
1151963056
3933373883
1873282192
586275188
1214682160
2354989790
4174012303
1752642242
2779593812
2605076833
4252203163
2667941963
2338572985
338898831
3332160246
2184823828
4211282761
1040313613
2673282847
3203199916
765810886
1309725379
1368660813
2449966352
2053097865
2936467419
1114578114
464582802
727364243
3144816287
2325684950
919185900
1834487450
681432039
970797639
310661854
501422349
4197776995
1712890258
4120625992
3951235994
512436180
2045807543
691998444
2484616967
1388922332
4018635269
3969226487
3127846684
399195004
3011896633
2365053515
736284045
2402778051
1704037533
853992946
4008534156
882896169
1458756079
973417762
81853757
2696858962
4057862554
558778857
2643996791
710286224
2038449749
2648713454
2086163930
3433928116
3039226725
3531376989
2665434350
4212098551
3051020272
579742361
1237396331
1336575808
2441626489
3993931386
1287299934
4037439317
2254008479
2668144841
3384720622
2571722497
893251467
3905470905
2270759647
1523549199
2790312000
273293395
637949442
1825394113
177750889
710297552
3031682193
1219132800
1091756275
2704978142
2822892363
399112858
3285178832
1159923745
3839289775
3040413539
3496492861
3328757341
2244618513
1229643932
791024758
3177710365
2276728248
445355200
2431739707
3713739304
2827523097
1793155817
2962767031
345229259
3298808829
646272963
3098569588
646357442
3117933999
105586274
3357898054
838219292
101778381
2541420091
1159535405
854460629
3576477250
329720035
3310426272
3707287124
4261904425
3658561032
253097008
2817138893
4046376228
2842857276
3820975218
1495167482
4084394436
4203556174
2251848000
2083113819
403417416
851338747
595007902
957217513
432211963
1854577620
3758334928
1553641938
348905464
4096792996
3898677086
2948213299
568460039
2434488711
3499194680
1261154432
782153143
2812681480
3946903650
3110998215
3567088777
2046441702
629477338
124985758
2310214900
1624093462
2164555914
1168863984
633756952
4258336560
2990243587
1524422008
922370498
3889809295
1931121954
427692412
1168926640
1485020293
947284060
2904700390
896113109
2988126599
1801847812
655716177
1372842139
2889562787
1750272363
2157290135
1264328906
1490812858
2658025494
3350038383
3054879075
131805300
2196863764
1977669301
1823704975
378572443
216935075
635394959
1219261092
2214773498
547846614
1876610682
3994649511
3258119044
1085071424
702489135
2019198682
3271202155
3217743057
3766568379
2774285023
2770143207
2206536698
3070958985
3734651927
219141610
1515163594
429646446
577727077
462682335
2044855996
2431484333
1943242843
1833473008
3560036674
180212811
1218208418
2989183107
4242718734
3468586761
1287212571
2966061846
30203066
3178049277
1529637040
3730910476
3190514363
1042208223
2730736436
2542086021
2739293442
2987471894
2897088181
305417243
2576724664
1045361569
2632347566
2870867943
3182062929
526115634
1793472747
3286858409
2778587511
646424074
2181541642
4114307587
2384848102
1829524532
86458124
2303162274
4046960779
588797588
2062257640
943657083
1274902582
3916661788
3515632665
2728362618
2384100307
4170453112
3571767790
4165572055
298075577
1089324280
238439314
802633552
454827343
1046598087
2529654834
3994297032
2278485137
3484813140
1356257540
3774677355
286549879
3778663981
164526843
1767271058
633801256
3542493030
2254953022
1561158676
2347387706
297057013
170558145
1331036075
586150061
505153922
2056546499
806332985
2045044489
3222156041
3325469589
1666022332
1545973729
1505091455
4076120940
54749791
39642002
3105228200
2146222968
2853872047
194934531
3380259947
3977468455
289177990
2016209952
86427061
2418626246
206468987
71003698
2782870703
2849959311
3804683986
238448614
493109461
2578469493
1560949684
1944577182
1488827838
1099502244
4157511249
1435897075
642199140
3549838488
4102941145
302261179
1676514648
399807179
2980380457
2479436146
3763253761
3260998943
346326393
620763971
803195191
4214675877
1691222060
13072306
3138774910
1122403977
2438730539
4006039346
2803988391
1770917844
4066774046
3023132389
1937052154
419208902
3877995686
123952189
1490954730
2514055920
2809834369
222720586
503603509
689328475
2042975613
3664289406
1719288801
3112233371
2335832900
42718305
4127454688
3183987332
1228911549
2161411091
1824890525
679010502
301783310
2459789251
3887641157
4051661307
103506656
3536379986
4167990621
4091468943
2106975235
3980936332
3618143158
178960696
454325171
3064630838
4294959083
4290540376
284482659
4140315204
2967155096
2753026705
647488055
170607296
247367189
4294894827
2593351609
2088898980
1966560873
958815900
591457827
3293680225
3034380811
2087087993
860372738
3657099912
1327127019
1523239108
1080046634
983060984
1234929951
1306511450
3406444618
3778043173
1525125081
3392256709
4011425608
3669621501
1128277166
1395596535
4116210528
1503409059
2650491628
2416706026
2706025794
1930974715
1119346271
3360281634
915975584
1337962910
3307419495
371498855
3221424363
2098608659
3199454805
3865222215
3732031645
1433220914
2191902327
2591300157
4134152722
3420313105
3393018293
3886712694
1548469356
2338925533
2698228721
2492813113
3065738565
3319456496
3301702636
1394682797
3983663709
1055346420
4232743428
517783082
1713849905
2578703733
277692664
460649679
2925225280
3309001380
2535827303
597259768
523853667
1283478966
4259961390
385154899
3100362132
1932453600
2614641712
2869229739
3224666117
317530972
2809360202
806420129
2026344445
4240583283
1220593966
729877787
1210100194
910166609
3428081729
1098433159
257865963
83483414
746668131
1575846742
208065510
2177796562
2150700134
4048242978
1472940540
1012979271
378880451
3815504030
1865091306
4175208867
3912517413
1682973100
3728354765
1253618367
1004983018
3197922424
2946926103
2783282031
4153100858
898184218
3374597223
4250559467
4224984785
2193592404
1587576258
2522298273
3682215357
167454748
679066100
2203577900
1442919510
2651803402
3984233753
2574759485
394600853
1874468405
3418131700
2046282231
3001991054
1441343769
934729059
2080913461
3772925941
2688457476
1403067874
3908807873
4009870937
2926307946
3673990345
366307563
3918031178
40442875
4222323958
2024324945
1832455948
2577363315
1225916516
3266746485
2358518472
1809365339
1397651516
1864444754
4210718153
2796457206
1887509398
3207484166
1127331568
836244697
1107441958
3566104666
2770789543
570049524
3466486200
2170553600
4087660515
2903973496
1413058063
4208838480
3155612425
1016558303
1946884576
2940668963
1974000897
1382144394
2627167609
1469684862
4223558898
3983781426
1141968660
193916363
2174883544
1080766201
2478897460
301307739
3047137944
1711397846
3094433036
3735222359
4088490982
1919489433
2980533527
3611726723
3473262289
4210922316
130154596
4212495241
1739690352
105092966
2490391966
2668695946
452286587
1828327207
2701454089
2250373512
3598385704
1715856470
1527425861
4205673846
1230674395
3054597738
3745523364
3755912336
2921969351
1599026830
2684540834
3969365849
1880740003
3985862444
1130552874
715790312
2388301857
3668901174
3720271252
3577740637
3250600884
2617417484
2218915012
2275600536
2954136432
2820740136
392535881
3416771863
4292268689
3561499331
3537390225
1328203297
468006514
1915326145
1759116745
1299901943
2199370680
2267452923
3432587513
2581023460
2429205075
2040649010
483756339
1827321705
643994839
1766837176
2401573735
342736512
4284955519
122396446
1706176224
353746051
2387691640
548580725
1037164305
410373351
3453025202
955398741
2549277454
625124155
472749156
4182730050
880948011
939021145
2176929235
2026850200
3563700479
3738217522
1580339551
1172021819
2086318907
2780542901
1593394059
2015513986
2716267915
3554261585
1266772189
712597839
2690338828
3734071748
1390127403
1212418318
1145837917
3640226765
991063577
711822696
903283738
1623918533
3027982178
286136364
2943532222
3643619393
1795316802
2781584083
1156315785
1330925564
1064451253
2582377327
999872261
1695228469
135224317
1535034286
1314555863
1510711765
299240575
3746689196
1764784210
949117273
3076719840
4062823079
596978927
1740714973
4027601693
3762515652
1531157118
1866708894
2911089756
2100266082
2354379682
2982877509
2850595971
535335857
1911238105
839067035
2166130635
1181018250
807087064
2194398647
1415872463
2155010436
665029007
2957775237
1989156056
923391218
2360256879
233783287
37242066
1098735623
2893405854
3176452290
2239672882
3067342194
2861357915
2482947757
843772170
3210037122
1388170824
4230098056
1658083500
154621268
688623090
3070603180
439226656
1653858036
3826825928
2652754601
3439146861
2784972826
1403826641
3844486495
2442633269
350347077
3655110667
1366510762
3796642275
1628509680
2297300463
444468326
3700226043
2021921878
2350380618
1933729324
203160297
3845926878
3035506939
1057694122
2811556359
2624044544
1268603251
505831184
2387043736
1339355836
1736213825
2184533109
687615479
1720859848
2418130794
3939291411
3798830943
907746632
3017723985
1457867034
391529299
2369044894
2898158102
900445136
1985782795
1807014048
1269126850
3967949612
1495067363
209151378
3038180660
2697164342
3250505845
1846265709
1352521875
2540706015
1049848729
1981086612
4250180226
3151968337
1406532638
1339924987
4133262337
811317848
2597247302
3253137776
3309248613
3597635435
1007792754
2148086060
1805475859
998917426
683921723
354313874
1027813187
4059457262
1571980818
402868600
3909019530
1992548173
3622754543
3767213073
441483373
1576395912
2076499198
3249659751
3841874445
1738361347
212828397
3182095942
3561979907
1853015338
168788043
28247887
2151833114
4254704380
176129455
1803384183
2378910975
3850220010
1815226821
3456106481
80995366
3268875666
1138660955
2418585032
3837757574
1562554035
2294964276
3280954619
2446381926
78375263
783837018
3907122700
2231745233
4014691453
3836907221
2529261744
2682775036
3633170320
547901125
863237845
2260882037
3456121357
3681540391
3481817532
1727938727
1557553532
1695951660
2281385934
1494640148
1281284587
1085240577
3729819651
1920306824
1369980150
628393677
2442775834
3154323714
3300513494
1136667649
2407247551
326883171
1790881679
1039873271
1730478247
3079216188
1082486441
2397209585
3743457736
4186401596
1178043478
1575396826
1478166963
322884194
4198408495
4117236224
1958985045
1786774158
1448986478
197634172
1812873781
2769455819
2375041574
1675015580
1080424167
3087471585
2806726724
3790129904
85720317
1126890571
2183350288
911495841
3059216045
3898213890
3337212688
4143011631
3635330401
764715185
3296884450
3087236845
2819884779
3033791999
2051985309
222637341
3346101695
3170580494
2003149871
947025659
4202766621
3681679807
2082391043
2180880078
2541480670
1039955916
1965975201
1103736781
2820911657
2837737289
3814363042
2685147628
3088971628
1135615585
689142311
1907293505
2679338295
2702519883
1494744196
768938457
1891215280
1476910422
3073031656
3621445970
1484753607
3957563804
329187978
2613851156
1960286028
1247353964
856527025
1469407868
3932308129
2132207876
2717121807
2755497638
603797252
1889877515
1965480658
883203439
2027276548
2424511347
1239894671
2568260875
1726541627
2191647273
4238548665
231718775
2474429790
199469612
1245772895
165452192
3330518013
1613230594
2579906453
2364353936
1620646832
3728948069
3722148498
853345448
4283613957
2198183373
1897445164
152335705
143651319
2235434086
3729563396
3118289106
3700134812
3087359370
1328071154
626992675
4070279546
669362159
3273996521
3703379574
4293236996
602239839
26398111
1023202500
814051819
725464964
2792749695
3198521657
1192858756
1988601446
4224985011
2088211976
2260154935
2961074270
2715750705
703448518
1847630851
4195621099
3237389839
147636899
3091543333
2935402607
1314457276
1669777866
2364002449
865937744
2473551556
1207593166
399980643
533658208
3157168158
164626413
1955117014
2902917357
1219618977
3208508198
3583696857
338170004
3144531168
3509475304
3999734340
2938739672
2937954273
3464308094
3915065093
1857058401
311988066
1304009232
2534324615
3292461094
2081813228
3498522109
2153286339
683009685
1971901590
2826288095
3981342212
2613100342
1100651572
627955566
3723846831
1943099197
1344096481
3470763506
1283234294
3757998222
1152531921
3923129701
2281299599
2615309845
2521372677
3723943495
3840232881
915266474
449648509
2029610808
4161594732
652082992
2577431322
4221942265
3081334208
1245852223
1634865145
3281691609
3347492189
3637342865
2266553579
3911881160
3290998377
4134675340
3481898130
182981114
4261233966
308792265
2156159894
4291705204
3989695764
1706656400
2717452879
3988300807
561401181
251125338
2856941573
3704040213
1536040938
2185388383
1245360592
4184586396
1959399214
2313699181
3075881678
1264746187
423063971
1732917374
2676135867
2948131639
4136587484
3339235693
1254014076
505811593
113518013
1764402962
116661783
3568073560
724459166
2086221484
4066232493
3102838801
4053198011
4259805425
1128181762
1168456167
1422578397
1039522461
2078907818
870197936
2171330529
146625538
2162338483
3829993253
961414842
3630219778
4280785385
253230508
2472496870
2342183835
1574081117
1694982068
3154274286
1751302267
2804044554
2308659899
4018212702
3838473710
1354452368
4128489104
916343928
2783109586
1991270929
2473896188
2533093359
3210873474
902730162
2695025530
4002255554
995182449
1626565593
4206954486
770616934
392678233
1157902455
2092061953
2638089262
1968373613
1972572965
956184348
320869594
1956435924
263719090
2492418700
1147963354
875619808
3577348743
2238276
3682475131
3716994506
929473023
456663237
1769288435
860422857
2289351232
656344224
2073863208
1477146230
839949454
1513847360
1087170510
2271505538
1575197051
2560456315
1934338553
2481220466
2842934176
265819186
1136456640
4218487968
914348349
4002519426
1313072863
3218783667
885109137
2218133544
1949058495
4105124114
1805907795
600270403
3785429905
3859740026
1029457862
3768303323
2278621689
1284453765
4131495174
4200241315
3773144973
864406311
796334173
341842786
896962106
1511829396
2324618877
4161064819
1341437161
2743889277
4262666124
2413703443
2509605660
4155516008
3185879506
2328250838
3114526099
2647943288
1315243131
1134879347
3735282321
1469911892
1426895158
3234598165
1800169406
3331680060
3249824760
3404169301
2739758085
1819020618
148209726
3402886247
1121840940
3412978757
2518577707
962224090
4206035864
4215646321
3448293938
372252836
1458357706
1378036852
587181780
326793982
3026013251
2858802018
4046132417
101902819
1698556586
653255110
1071042297
2275918042
2271756066
965169115
3392018345
37141952
2433744749
1992323910
2640822050
510658132
2609860925
1540066040
3682372767
3460155751
1359332359
28235883
2484584748
678657502
3437042931
1566533276
1884095374
3313851710
3312813248
1925487871
568330384
2017324682
3498004292
3649938013
3542511626
607274138
1405099762
2039771477
1594161815
2057620467
594775144
1355696974
2904561467
1247390796
1980546310
3140970632
2907343767
3110001475
1461032389
1955413894
2258686491
940028371
2006770868
1301151142
356399821
1710091018
2627236252
1644563239
3234605407
1542310154
609228034
4203642461
2002897832
184058894
2229873330
882870608
2230472305
3885478826
3662560325
2456853473
4090887390
1032002457
1662000894
324739065
3354307985
261641550
3987124474
3867014399
3845602672
610302464
3937954832
2820492154
1530825616
1736272536
1947007702
1151294292
3662649605
3228819215
2517678507
2344221112
3915297603
891287128
214821136
3916039141
952101420
3279395804
743969073
3635044136
2280912973
1292169795
1009227079
162571899
2096624614
3892505431
3597104226
3362667069
3767202843
3580891745
3179808190
3243851876
4038499640
2376164298
709380371
383825926
42879708
2102772845
3233426038
819950217
4067160901
2380996754
1732049737
729374522
3630713602
1028834074
3670087639
388926577
1221927437
1277135924
3674808334
299419563
2092272225
4190134199
327207290
3967646724
1833347087
934814893
3739243475
1348525559
1451702326
2508467252
2057710771
17409614
4149766436
933478207
3798591010
3072859834
395043315
3336631731
2219510182
3693225611
4073200630
1429626339
3254462000
3264777915
2320714949
1588544706
261128513
3001251699
377013903
1912510792
3595666213
1050164289
3103434325
4373435
688444587
2817759537
39187260
4067832
1169690001
3040513096
678854198
4040487343
4120524515
2760057411
1414528094
4268326914
1580729137
2328356312
2066067948
2448663953
485193111
1516746027
2735464660
1479191372
2505861455
2637453833
713082724
1415166093
3654614207
725669164
2759112769
3665480032
2042168103
2913751322
1053850690
2887482604
2950999494
4220127486
917544670
3138138305
1279286656
2914806200
3350486745
3925751851
3728174073
2253269030
1816756330
2787855322
2939429769
2286821510
1561899657
2638037416
3556509680
470349561
1033202504
117732768
999706256
489737860
753379889
752366536
2011235803
88901525
4109542033
3311858344
1050562853
4182381168
585191288
1512076564
3239368941
2612985724
2709919079
3827038316
3965405764
930674805
1859116366
2407808893
599884004
222376097
904309547
1220098289
2074046916
729332686
1001446062
1752976472
1421373169
52787319
2546844854
3312219438
1371613344
660254516
3793462387
2694173693
3827611011
588895785
461970453
2729661765
3338439920
2866194453
605132090
1559290122
3765977185
2382600925
961096787
2784930160
3451706328
3920075137
829501790
3113456879
1560359000
2038973575
1210163540
3203821617
1146187454
2587834856
965283115
1868426105
1243736148
256669942
4041169918
996330899
2496137271
3313381792
3128856992
614416416
485036177
590492094
4289487418
4143879133
4075630802
1660932875
1066461562
1315897371
2791259453
2854733867
533273393
372865015
626147226
1072766670
3218998580
933846759
1409197539
387012972
3918527788
988912054
638731186
3758136741
2316902509
2925117392
2240854750
2742777638
285835445
4278749585
4177766925
1771802090
474826149
4136119260
2834358002
2325757276
1690349595
715797967
1346496800
3645837478
4172308629
3570828213
2136507965
680228799
381283194
3558777804
119836833
293718982
1690407859
2905633258
2457966784
2157009950
3318140375
11509882
3609573564
1103815439
301158669
901853065
2125504242
948557875
2292354940
638750650
282704727
1575626043
2150845962
2492041887
489251393
613096203
3127937602
3572291527
2442831677
2792170879
2072083447
956434900
3509148651
2775509295
3439338128
2660294046
2587424233
434735677
1645343382
2530851733
175185047
1361250436
1185597171
2528971641
3113328702
1231757659
1517494106
236188789
1206081756
488355382
4263965483
3682164225
3939276217
2464397600
3303612947
3154169008
309983171
3262963134
285858161
1135545202
333446340
3679508806
1395349587
1206104172
3420071541
2513680150
196158343
185144916
3360744550
2147754128
2827597151
444703566
497515786
3287935345
3636501721
3358756522
820801271
2457129951
1861394618
3311036421
3866333351
1712798654
1415249629
3239011842
3832042787
1790123970
3611358344
3327294793
3021103982
43868435
3046868733
1563997140
2748867137
995773545
4188056156
2499974660
2405632699
1777010923
1360776453
280112088
3979396170
3817423775
2096390864
3598374721
1292610167
1571009604
3144947202
354544238
3548541376
801065920
4260410290
3313546317
1371281569
3407486157
680450271
712174270
4206511769
3844154860
497655481
446739441
52849730
1176269125
2826655073
3998890277
3809632782
2172994272
2708186416
2535403993
1504484317
1738136002
1644399096
3733633567
357703420
1981987556
1747174532
2759143426
354026367
1387560066
1308940232
1476153513
3970427977
596704005
330438264
1768661371
2501749037
1972059731
3854619355
3377689574
140073784
497877189
3142839334
2213095905
2130385273
1183660055
3176962469
3832133313
4054078565
2519065036
1150094679
2653746379
2897855612
1930670374
1805850754
1391722821
2770688748
311574860
2996170558
2761927336
611567542
1783381135
1556920415
3280901511
3429521674
